0 -1.206567
1 -0.027225032
2 1.0867417
3 0.06555936
4 -0.7520327
5 -0.06090796
6 0.2714423
7 0.0010089278
8 0.25655472
9 0.10676873
10 -0.7249067
11 -0.2360697
12 1.04054
13 0.34796205
14 -1.143656
15 -0.4014402
16 1.0194318
17 0.36563453
18 -0.70012623
19 -0.22982812
20 0.25685772
21 0.009308636
22 0.21644273
23 0.25577477
24 -0.62369245
25 -0.507851
26 0.88683844
27 0.6849549
28 -0.9615129
29 -0.7354498
30 0.8445077
31 0.6323887
32 -0.57252795
33 -0.38171107
34 0.21181497
35 0.024156451
36 0.15780911
37 0.3713929
38 -0.4610698
39 -0.72220844
40 0.64289707
41 0.9487931
42 -0.6791847
43 -0.9941826
44 0.5792505
45 0.83709186
46 -0.3808205
47 -0.4992185
48 0.13882512
49 0.042376414
50 0.08889496
51 0.44332638
52 -0.25548327
53 -0.8577032
54 0.33500975
55 1.1125169
56 -0.32632262
57 -1.1500466
58 0.25078642
59 0.9570321
60 -0.1437684
61 -0.5682361
62 0.043950677
63 0.059782427
64 0.01844126
65 0.46593907
66 -0.029833078
67 -0.90202373
68 -0.0040389895
69 1.1594892
70 0.060420893
71 -1.1863399
72 -0.10734382
73 0.97819114
74 0.114614725
75 -0.5789995
76 -0.06354433
77 0.07190427
78 -0.045657635
79 0.43944457
80 0.19211033
81 -0.85196656
82 -0.338413
83 1.0855814
84 0.44011235
85 -1.0988386
86 -0.45736617
87 0.896685
88 0.36729717
89 -0.52830386
90 -0.17256328
91 0.07460785
92 -0.09674296
93 0.36916193
94 0.38737154
95 -0.7149485
96 -0.63375086
97 0.89937747
98 0.7734064
99 -0.8963622
100 -0.7625557
101 0.71957165
102 0.58722055
103 -0.41892064
104 -0.27069736
105 0.06542066
106 -0.13061067
107 0.26477
108 0.5365032
109 -0.50659424
110 -0.85953087
111 0.6209253
112 1.0256746
113 -0.59923995
114 -0.99050987
115 0.4643997
116 0.7503241
117 -0.2605191
118 -0.34587565
119 0.042782128
120 -0.1456518
121 0.13905674
122 0.6250104
123 -0.2504272
124 -0.99325013
125 0.2798914
126 1.1706138
127 -0.2387966
128 -1.1165793
129 0.15638599
130 0.8378377
131 -0.0684942
132 -0.38843793
133 0.007899106
134 -0.14253053
135 0.006201327
136 0.64652014
137 0.026289076
138 -1.0220612
139 -0.087451726
140 1.1931422
141 0.1475745
142 -1.1266987
143 -0.17244558
144 0.8389202
145 0.13805804
146 -0.39094603
147 -0.036226094
148 -0.12365634
149 -0.11916399
150 0.60065264
151 0.294322
152 -0.9447272
153 -0.44337678
154 1.0914085
155 0.51924574
156 -1.0188984
157 -0.4880044
158 0.75112736
159 0.3371783
160 -0.35079572
161 -0.0847168
162 -0.09483153
163 -0.22425753
164 0.4943674
165 0.5260223
166 -0.7702544
167 -0.75015664
168 0.876268
169 0.83781886
170 -0.8037318
171 -0.7562061
172 0.5820815
173 0.50720584
174 -0.26982743
175 -0.1315991
176 -0.06092462
177 -0.29967684
178 0.34111062
179 0.69777083
180 -0.51879656
181 -0.9764922
182 0.570495
183 1.0695561
184 -0.50270855
185 -0.94863963
186 0.34826165
187 0.6290618
188 -0.1545932
189 -0.16968748
190 -0.027421951
191 -0.3392088
192 0.15810528
193 0.7937078
194 -0.2172174
195 -1.0993106
196 0.20656204
197 1.1900232
198 -0.14754704
199 -1.0441834
200 0.07256928
201 0.6878512
202 -0.015785575
203 -0.19282794
204 9.343028E-4
205 -0.34105685
206 -0.033935964
207 0.8056009
208 0.102573514
209 -1.1069441
210 -0.1781467
211 1.1865385
212 0.22621289
213 -1.0309016
214 -0.21625388
215 0.67554164
216 0.13230062
217 -0.19621488
218 0.020689964
219 -0.30731815
220 -0.2153306
221 0.7335332
222 0.4064142
223 -0.9998065
224 -0.5423646
225 1.0592804
226 0.57868963
227 -0.9093662
228 -0.48846525
229 0.59085906
230 0.2745261
231 -0.1766161
232 0.030107617
233 -0.2449328
234 -0.3671993
235 0.58739173
236 0.66365427
237 -0.7894068
238 -0.8491344
239 0.82111084
240 0.87222075
241 -0.6909453
242 -0.71385705
243 0.44057542
244 0.3946213
245 -0.1334632
246 0.029620469
247 -0.16145164
248 -0.47522002
249 0.38480136
250 0.8479182
251 -0.49955428
252 -1.0660765
253 0.4969454
254 1.0766783
255 -0.39726293
256 -0.868784
257 0.23897558
258 0.47757828
259 -0.069379866
260 0.021825656
261 -0.06851196
262 -0.528956
263 0.14744005
264 0.9408159
265 -0.16012731
266 -1.1709673
267 0.12126519
268 1.1693118
269 -0.05895318
270 -0.93488175
271 0.005936563
272 0.51361287
273 0.009820044
274 0.009025436
275 0.023357272
276 -0.52692235
277 -0.09858537
278 0.93550897
279 0.19186838
280 -1.1534619
281 -0.26772773
282 1.1403129
283 0.28973472
284 -0.90327287
285 -0.23403075
286 0.49546278
287 0.096419275
288 -0.0041888505
289 0.104687095
290 -0.47022098
291 -0.32810432
292 0.833022
293 0.52031267
294 -1.0164189
295 -0.627766
296 0.9921421
297 0.6117712
298 -0.776141
299 -0.45632
300 0.42350137
301 0.18033874
302 -0.013276786
303 0.1676462
304 -0.36822265
305 -0.51725835
306 0.6460147
307 0.7915478
308 -0.77396905
309 -0.92331016
310 0.7394499
311 0.8722856
312 -0.56503165
313 -0.63571393
314 0.30254138
315 0.25223535
316 -0.015899003
317 0.2067061
318 -0.23254547
319 -0.6477745
320 0.3960514
321 0.9774935
322 -0.45281824
323 -1.122293
324 0.40795004
325 1.0447376
326 -0.29125354
327 -0.7533712
328 0.14409238
329 0.30163625
330 -0.009341419
331 0.22056326
332 -0.07952398
333 -0.7074444
334 0.109161794
335 1.0598676
336 -0.08584783
337 -1.2039373
338 0.03286515
339 1.1089473
340 0.018449813
341 -0.7940035
342 -0.037240744
343 0.3226174
344 0.006335318
345 0.20933555
346 0.07385719
347 -0.6927563
348 -0.18317112
349 1.0311358
350 0.2878281
351 -1.1599989
352 -0.34771326
353 1.057732
354 0.33073038
355 -0.75115263
356 -0.221802
357 0.30819553
358 0.030135572
359 0.17690444
360 0.21154144
361 -0.6065444
362 -0.45126024
363 0.8961419
364 0.6287667
365 -0.9953747
366 -0.69284
367 0.8949852
368 0.61365235
369 -0.6279613
370 -0.39049256
371 0.25881082
372 0.058127522
373 0.130802
374 0.32060367
375 -0.46088478
376 -0.66721135
377 0.66935927
378 0.9024767
379 -0.72689676
380 -0.9672921
381 0.63714457
382 0.83579195
383 -0.43523198
384 -0.524065
385 0.1768409
386 0.08657089
387 0.07648757
388 0.39056283
389 -0.27200252
390 -0.8092818
391 0.37691116
392 1.0799491
393 -0.38411844
394 -1.1411009
395 0.31107223
396 0.9736161
397 -0.19255859
398 -0.6071123
399 0.06949496
400 0.11056546
401 0.02183032
402 0.41685867
403 -0.060990065
404 -0.86554295
405 0.047911733
406 1.1446112
407 -4.011318E-4
408 -1.1966574
409 -0.051870212
410 1.0111246
411 0.07735458
412 -0.6265286
413 -0.053182423
414 0.12218164
415 -0.026640832
416 0.3975864
417 0.14867535
418 -0.8301396
419 -0.28069454
420 1.0892651
421 0.3814032
422 -1.1273527
423 -0.4113155
424 0.9433602
425 0.34462947
426 -0.58178467
427 -0.1783449
428 0.12195155
429 -0.06401861
430 0.339808
431 0.33546925
432 -0.7112645
433 -0.57667303
434 0.92100513
435 0.7235702
436 -0.939451
437 -0.7313163
438 0.7743777
439 0.58189243
440 -0.47205037
441 -0.29202804
442 0.103939116
443 -0.08778629
444 0.2502265
445 0.48238197
446 -0.52019405
447 -0.8073931
448 0.6596872
449 0.9878316
450 -0.6545672
451 -0.9764719
452 0.52260154
453 0.7627643
454 -0.30908737
455 -0.38140827
456 0.06973457
457 -0.09570691
458 0.14026189
459 0.57309085
460 -0.28001142
461 -0.95152175
462 0.33122104
463 1.1493888
464 -0.3001707
465 -1.1206946
466 0.21216199
467 0.86561656
468 -0.10647899
469 -0.433767
470 0.019889474
471 -0.09123429
472 0.023335278
473 0.6023699
474 -0.016030878
475 -0.9956239
476 -0.029775128
477 1.1910028
478 0.08736536
479 -1.1494248
480 -0.124212965
481 0.8808471
482 0.11272356
483 -0.44188562
484 -0.039803267
485 -0.07650839
486 -0.08754009
487 0.5674124
488 0.24254647
489 -0.93511003
490 -0.38343447
491 1.1081543
492 0.4652732
493 -1.0581825
494 -0.45207125
495 0.80347043
496 0.3281266
497 -0.40239397
498 -0.103654265
499 -0.05569759
500 -0.1822052
501 0.47723076
502 0.47053272
503 -0.77995074
504 -0.69509053
505 0.90983194
506 0.796054
507 -0.8546978
508 -0.7371404
509 0.63853556
510 0.51532686
511 -0.31806788
512 -0.16439474
513 -0.032723486
514 -0.2500909
515 0.3398545
516 0.64354074
517 -0.54544854
518 -0.93025184
519 0.6190994
520 1.0425575
521 -0.56131434
522 -0.94782114
523 0.4039766
524 0.6538492
525 -0.19447204
526 -0.21378502
527 -0.013284206
528 -0.2865751
529 0.17324731
530 0.7466568
531 -0.25782287
532 -1.0678705
533 0.2633244
534 1.1817659
535 -0.20733424
536 -1.0606457
537 0.12189314
538 0.72543085
539 -0.04249704
540 -0.24310195
541 -8.8602304E-4
542 -0.2914489
543 -0.0039981008
544 0.7688428
545 0.051056296
546 -1.0923817
547 -0.11728809
548 1.1973784
549 0.17014177
550 -1.0646034
551 -0.17793894
552 0.7239493
553 0.12045884
554 -0.24758238
555 0.0033228993
556 -0.26582852
557 -0.17279845
558 0.71115685
559 0.3491397
560 -1.0034497
561 -0.48498392
562 1.0877433
563 0.53290254
564 -0.95604503
565 -0.4652663
566 0.6443807
567 0.2790456
568 -0.22407095
569 -7.0494413E-4
570 -0.21480125
571 -0.31725907
572 0.5832642
573 0.6066342
574 -0.81109583
575 -0.79920936
576 0.864956
577 0.84087604
578 -0.74674225
579 -0.7082678
580 0.49513948
581 0.41518962
582 -0.17354873
583 -0.01237908
584 -0.1455738
585 -0.42155257
586 0.39732522
587 0.7960985
588 -0.53805625
589 -1.0283811
590 0.55317974
591 1.0618961
592 -0.45686576
593 -0.8809037
594 0.28798598
595 0.512386
596 -0.09739709
597 -0.027007595
598 -0.06847525
599 -0.47855058
600 0.17553583
601 0.9006126
602 -0.21046236
603 -1.1505531
604 0.18194415
605 1.1740239
606 -0.11590691
607 -0.9630817
608 0.046292454
609 0.5584554
610 -0.003787458
611 -0.042529296
612 0.007770419
613 -0.48237777
614 -0.057468057
615 0.9089401
616 0.13436085
617 -1.1516995
618 -0.20694792
619 1.1638013
620 0.2403506
621 -0.9464158
622 -0.20742112
623 0.5478153
624 0.09821367
625 -0.051298857
626 0.07518917
627 -0.43726742
628 -0.27828115
629 0.8235414
630 0.4621834
631 -1.0330036
632 -0.57498807
633 1.0312886
634 0.5757426
635 -0.8288113
636 -0.44623724
637 0.47669473
638 0.19821098
639 -0.054126292
640 0.12640741
641 -0.34976888
642 -0.4627657
643 0.65533423
644 0.73655957
645 -0.8076927
646 -0.8815643
647 0.79102755
648 0.8531798
649 -0.62297785
650 -0.64364225
651 0.35254586
652 0.28451705
653 -0.045817852
654 0.15757367
655 -0.2300508
656 -0.59382015
657 0.4215169
658 0.9327539
659 -0.50037456
660 -1.0960897
661 0.467161
662 1.0431322
663 -0.34711787
664 -0.7775139
665 0.18449765
666 0.3451503
667 -0.024873853
668 0.1687431
669 -0.09335446
670 -0.66043544
671 0.1491769
672 1.028626
673 -0.14284183
674 -1.1960703
675 0.09364368
676 1.1263266
677 -0.03249696
678 -0.831892
679 -0.008482993
680 0.3729861
681 0.006600857
682 0.1591401
683 0.045060158
684 -0.6556487
685 -0.13262418
686 1.0166863
687 0.22686215
688 -1.171243
689 -0.29196754
690 1.0916951
691 0.29192764
692 -0.79970115
693 -0.20880568
694 0.35955966
695 0.0454486
696 0.13585651
697 0.17132667
698 -0.58416
699 -0.39556685
700 0.8997289
701 0.57132053
702 -1.0243928
703 -0.6471083
704 0.9428856
705 0.5896321
706 -0.683059
707 -0.3940331
708 0.3079039
709 0.08799961
710 0.099636465
711 0.27182633
712 -0.45541275
713 -0.6107633
714 0.6920684
715 0.8521348
716 -0.7713426
717 -0.9357281
718 0.6941869
719 0.82984334
720 -0.49146542
721 -0.5437509
722 0.21787098
723 0.12723945
724 0.059486598
725 0.3389879
726 -0.28332037
727 -0.75938517
728 0.4141944
729 1.043777
730 -0.43887666
731 -1.127265
732 0.37063956
733 0.98612523
734 -0.24246418
735 -0.6411235
736 0.099084556
737 0.15845555
738 0.0201509
739 0.36577657
740 -0.08829856
741 -0.82495797
742 0.097949386
743 1.1244664
744 -0.06159127
745 -1.2018764
746 0.006282434
747 1.0404186
748 0.035722256
749 -0.67271036
750 -0.03769183
751 0.17505178
752 -0.012733877
753 0.35410053
754 0.10903153
755 -0.80450135
756 -0.22463457
757 1.0879409
758 0.32202414
759 -1.1508989
760 -0.36241052
761 0.9862521
762 0.3174563
763 -0.63372
764 -0.17900527
765 0.17031926
766 -0.035974264
767 0.3068843
768 0.28689933
769 -0.7009921
770 -0.51797295
771 0.9381908
772 0.66963917
773 -0.9791766
774 -0.69472444
775 0.827385
776 0.5709867
777 -0.5257606
778 -0.30900165
779 0.14544314
780 -0.047352195
781 0.23107347
782 0.42840558
783 -0.5283135
784 -0.75288254
785 0.6935475
786 0.945761
787 -0.70648456
788 -0.95579135
789 0.5810769
790 0.768553
791 -0.35948643
792 -0.41180474
793 0.100082785
794 -0.04845369
795 0.13581976
796 0.5192465
797 -0.3034541
798 -0.90618324
799 0.37723738
800 1.123454
801 -0.35809755
802 -1.1204361
803 0.269595
804 0.890262
805 -0.14928669
806 -0.47603762
807 0.037156165
808 -0.040872104
809 0.03571546
810 0.5563328
811 -0.055252433
812 -0.9652381
813 0.027216181
814 1.1837473
815 0.025822986
816 -1.1671108
817 -0.07239176
818 0.9191735
819 0.082609564
820 -0.4914776
821 -0.03829676
822 -0.027825944
823 -0.060189545
824 0.5328027
825 0.19241905
826 -0.9221567
827 -0.32227588
828 1.1203513
829 0.40729934
830 -1.0925734
831 -0.41298717
832 0.85308444
833 0.31507736
834 -0.45648232
835 -0.118614405
836 -0.011329293
837 -0.14300755
838 0.45344245
839 0.41654134
840 -0.7827302
841 -0.6385914
842 0.93971944
843 0.7504418
844 -0.9037491
845 -0.71297556
846 0.69523406
847 0.5179797
848 -0.36891574
849 -0.19282743
850 1.0222197E-5
851 -0.20301265
852 0.3333176
853 0.5892899
854 -0.56703836
855 -0.8818648
856 0.66407406
857 1.011509
858 -0.62017804
859 -0.94033015
860 0.46194726
861 0.6719171
862 -0.23791757
863 -0.2526094
864 0.004301548
865 -0.23674855
866 0.1825315
867 0.6957843
868 -0.2932967
869 -1.0313714
870 0.316819
871 1.1684
872 -0.26640296
873 -1.0735295
874 0.1727309
875 0.76130486
876 -0.07358208
877 -0.29197147
878 0.002370119
879 -0.2406367
880 0.021377385
881 0.7286036
882 0.002919346
883 -1.0726361
884 -0.057561524
885 1.2030342
886 0.1126834
887 -1.0943534
888 -0.13604867
889 0.770577
890 0.10377061
891 -0.29970175
892 -0.008917689
893 -0.22101471
894 -0.13451028
895 0.68586266
896 0.29355207
897 -1.0032779
898 -0.42394885
899 1.1123242
900 0.4817055
901 -0.9996489
902 -0.43795565
903 0.69761056
904 0.27953345
905 -0.27411747
906 -0.028608888
907 -0.1800942
908 -0.26877502
909 0.57246476
910 0.5492001
911 -0.82818425
912 -0.74580705
913 0.90505457
914 0.8042394
915 -0.8005712
916 -0.6967932
917 0.55000716
918 0.43121183
919 -0.21635526
920 -0.051677972
921 -0.12520975
922 -0.36868212
923 0.404563
924 0.74247885
925 -0.57155454
926 -0.98686004
927 0.60535544
928 1.0422724
929 -0.51640844
930 -0.8865072
931 0.34099925
932 0.54166335
933 -0.13020834
934 -0.07247488
935 -0.06374031
936 -0.42641646
937 0.19840014
938 0.85674316
939 -0.2568436
940 -1.1255573
941 0.24108088
942 1.173888
943 -0.17400423
944 -0.9877374
945 0.08976331
946 0.60181177
947 -0.022737324
948 -0.09278223
949 -0.0029334426
950 -0.43656147
951 -0.019599497
952 0.87887245
953 0.07814407
954 -1.1448493
955 -0.14545849
956 1.1819654
957 0.187857
958 -0.9852643
959 -0.17604458
960 0.5979248
961 0.0952695
962 -0.10155359
963 0.049927592
964 -0.40156755
965 -0.23065305
966 0.8103212
967 0.4032269
968 -1.0458746
969 -0.5184726
970 1.0675209
971 0.5347197
972 -0.88007534
973 -0.43227166
974 0.53152925
975 0.21199596
976 -0.09931159
977 0.088409334
978 -0.32524973
979 -0.40977293
980 0.6576298
981 0.68124825
982 -0.83761024
983 -0.8362912
984 0.8406167
985 0.8288171
986 -0.680666
987 -0.64563906
988 0.404684
989 0.31198955
990 -0.079918385
991 0.111566424
992 -0.22292113
993 -0.5405593
994 0.44216526
995 0.884134
996 -0.5444617
997 -1.0649011
998 0.5245736
999 1.0366721
